   5.8630708e-01  -5.5131438e-01   2.9138290e-02   4.9798753e-02  -1.6191152e-01   1.4879547e-01  -7.1248223e-02  -2.8102706e-02  -9.7488725e-02   2.6848288e-01   1.5489027e-01   1.5144688e-01  -4.4002094e-01
  -1.8245650e-01  -3.7102973e-02  -1.2831416e-01   1.4130210e-02   6.1189084e-01   2.6593742e-02  -1.4098244e-01   5.1860017e-02  -1.6231653e-01  -2.4887041e-02  -4.5277164e-02   5.8966331e-02   7.4558421e-02
   2.8778956e-01   4.4217945e-01  -4.9313343e-02  -1.8149405e-01  -3.1162122e-01  -3.1855456e-02  -5.6855258e-02  -1.0546271e-02   1.0596827e-01   5.1254782e-02   1.1004213e-01  -9.4189572e-03  -8.4906645e-02
   2.1028974e-02   3.7237839e-02  -1.1324513e-01  -2.3528195e-01   8.9887234e-02  -8.8762993e-02  -2.3885670e-02   6.9951834e-01   2.9392302e-02   4.7779588e-02  -9.3751216e-02  -3.0797278e-01  -9.6556242e-03
  -6.6178175e-02   4.9300185e-02   5.1488776e-03   5.6667735e-02  -9.0872725e-02  -7.9365606e-02  -2.6099693e-03  -2.7595735e-02  -3.0136092e-02   4.8110136e-01  -8.1302161e-02  -7.9286300e-02  -3.6135384e-02
  -2.7910711e-01   2.4961139e-01   3.2591091e-01  -1.8208876e-01   2.3635179e-01  -1.7310074e-01  -8.0246851e-02   2.3868920e-02  -4.7512238e-05  -5.0305030e-02   1.7654799e-01  -9.1840162e-02  -3.7668289e-02
   5.6944835e-02   1.5049979e-02   3.8103715e-02  -1.6970954e-01   7.5784517e-02  -1.2121782e-01   7.9457615e-02  -2.1791700e-01  -9.4099233e-02   6.7320613e-02  -1.2489627e-01   4.7904860e-01  -3.8972547e-02
  -1.6688081e-02   1.3741352e-02   1.4564484e-02  -9.5704158e-03  -7.8042295e-03   2.8051494e-03   3.2798512e-02   1.5992374e-02  -1.8853482e-04  -1.1340834e-01  -3.9253409e-01  -1.4140940e-01   6.4143389e-01
  -4.4805378e-02  -2.2096763e-01   2.8825301e-02   1.0769415e-01  -2.7487603e-01   6.2230581e-01   1.2521515e-01   3.2628748e-02   1.0783024e-02  -1.1333487e-01  -1.8217301e-02   1.1407008e-02  -1.3330957e-03
  -1.2478924e-02   8.1390245e-03  -7.8830945e-02   5.9454461e-02   5.2098504e-02  -1.2538279e-01   5.6340813e-02  -4.9615783e-02   4.5239306e-02  -3.0258716e-01   4.9040157e-01  -1.7665020e-02   5.4175939e-04
  -3.1532062e-01   2.3884479e-01  -6.4674079e-03   5.8418840e-01  -1.8869084e-01  -1.9576556e-01   5.7657171e-02  -9.0005749e-02  -5.0405346e-02   3.4956407e-02  -2.2941790e-02   7.2486870e-02  -1.2271615e-03
   1.9578262e-02  -2.5337603e-02   1.4065589e-02  -6.7848065e-02   4.0189730e-02  -3.3457774e-02   8.3302792e-03  -3.5049230e-01   4.0193924e-01  -1.2168079e-01   5.5659730e-02   3.9249878e-02  -7.8850685e-03
   3.8396640e-02  -7.9819883e-02   7.0264326e-03  -5.8933483e-02   1.7248459e-01  -2.4385759e-01   3.0210064e-01   4.2963894e-02  -8.1158915e-03   5.8764419e-02  -7.2851445e-02  -4.0812064e-02  -1.6773010e-02
