  -6.6240481e-02   3.6686567e-02   6.8514177e-02  -1.6772311e-01   3.4512696e-01  -2.9102044e-01   1.1049575e-01   4.7899912e-02  -6.1893826e-02   1.2939374e-01   6.9908775e-02   4.4945395e-01   6.0695410e-01  -3.8179317e-01  -7.1541935e-03  -4.4777550e-01   3.0646564e-01  -5.8249391e-02   2.0379402e-01
   5.9679449e-02  -9.6452516e-02   1.6676580e-01  -1.5327040e-01  -1.8124021e-01   6.0435210e-01   1.3245946e-01  -3.1076030e-02   1.0392996e-01  -2.1603539e-02   7.1422776e-03  -2.6952259e-01  -3.9274888e-01   8.8422039e-02   4.9467064e-02  -3.3996295e-01   3.2854917e-01   1.3658461e-01   3.7840430e-02
   6.6876908e-03  -9.6969611e-02   1.1721240e-02  -3.7560979e-02   3.0480289e-02  -5.7043757e-02   2.9764363e-02  -2.6791547e-02  -3.3293863e-02   8.1346979e-02  -1.8011736e-01   7.4044526e-01  -1.8900636e-01   1.0856585e-01  -2.1342312e-02  -2.0322742e-01  -1.2198999e-01   3.2018066e-02   1.3204148e-01
   8.6935108e-03  -2.6164269e-02   3.6854802e-02  -1.6941543e-01   6.4259117e-02   1.4885553e-01  -3.4572679e-02   2.3916151e-02   7.6152357e-02   3.1459641e-02  -9.2784330e-02  -3.4954863e-01  -1.7519482e-01   6.1035867e-02  -1.5563265e-02  -2.5318377e-01   7.6621770e-01   6.2091579e-02  -2.0969040e-01
   2.6761086e-02   5.6744296e-02   4.0876119e-02  -8.6336450e-02   1.3423326e-02  -5.5051452e-03  -4.8664050e-02   1.7941225e-02   1.8846790e-02  -1.2903478e-02  -3.0551069e-03  -4.0940286e-02  -1.9895410e-01  -1.3823202e-01   1.0437115e-01   1.1738865e-02   7.4112117e-02   5.1752897e-01  -3.7773136e-01
  -6.4801899e-03  -6.4464596e-02   4.9744442e-02  -2.5347992e-02  -6.5388002e-03  -6.2977110e-03   5.1479612e-02  -2.3502598e-02   6.6120892e-02  -5.3722405e-03  -1.4647353e-01   1.1040595e-01  -6.1122937e-02  -1.1580651e-02   7.0990239e-02  -8.0766951e-02  -2.9947233e-01  -2.1235349e-01   5.7472627e-01
   7.9229687e-03   2.5915964e-02   3.9610167e-02  -9.3382815e-02  -2.5624632e-02   2.9721193e-02   1.5302981e-02  -4.0237639e-03   1.2675636e-02  -2.9466379e-02  -6.1069765e-02  -4.2136806e-02   3.2304455e-02  -1.8307404e-01  -4.1907768e-02   6.3588248e-01  -1.5720996e-01   2.5506252e-02  -1.3550369e-01
   2.6510996e-02  -6.4533377e-02  -3.4627444e-02   1.6553656e-01  -1.5032238e-01   2.0516222e-01  -1.8815750e-03  -3.7173529e-02  -3.8152261e-01  -5.0858559e-02  -3.2880477e-02  -3.0067561e-03  -1.2623985e-01   8.0864468e-01  -1.7363351e-01   4.6037245e-02   5.1034866e-02  -1.7637774e-01  -2.2919433e-02
  -1.7405024e-02  -1.2321852e-01   1.1108091e-01   5.4015975e-01  -3.1411036e-02  -2.1018725e-01  -6.2027560e-02  -6.2341671e-02  -1.4510042e-01  -5.7811036e-02  -2.8629370e-02   1.3897656e-01  -2.1456897e-01   1.5081576e-01  -9.3476246e-03   7.8706777e-02   9.2437924e-03   5.9072106e-02  -6.5830924e-02
  -1.5499775e-02   6.6331844e-02   2.0491754e-02  -2.8558448e-01  -1.2279782e-01   2.1425035e-02  -4.1333158e-02  -6.5135300e-02   6.8124061e-01  -6.8668577e-02   7.2183333e-02   2.4481523e-02  -1.3856089e-01  -1.1619696e-01  -1.3493232e-01   5.2443051e-02  -2.7562058e-02   8.3175294e-02   2.1461412e-03
   5.0220530e-05  -3.9147743e-02   1.0943925e-02  -4.6248887e-02   6.7341620e-03  -1.7485433e-02   6.8254988e-02   1.1170968e-02  -1.3062646e-02  -3.5714700e-02  -3.9317184e-02  -5.4695032e-02   5.1413996e-02  -1.7509292e-01   5.5019327e-01  -2.7138833e-01   1.8605764e-01  -3.5319627e-02  -1.4497082e-01
  -1.3203294e-02  -7.4181500e-02   3.7398303e-01  -2.5519408e-01  -1.0623771e-01   8.0441633e-02   4.5623986e-02   8.7540578e-03  -1.6717090e-02   5.0166854e-02  -9.9082859e-03   1.5000250e-02  -9.3099878e-02   6.6154319e-02  -4.0368098e-03  -5.7561490e-03   2.1923185e-02   6.7376718e-03  -2.8014449e-02
   5.8769273e-03   7.7352879e-02  -1.4152913e-01  -3.6022150e-02   1.1227353e-01  -1.0871950e-01  -7.4132391e-03   2.6516552e-01  -7.4398422e-02   3.3189832e-02  -1.7623719e-02   4.5997033e-02  -2.3671173e-01   1.1890784e-01  -6.6802410e-02   4.4285166e-02  -3.1089763e-02   3.5501466e-02   9.7191832e-03
  -4.5885243e-02   1.4667628e-02   4.7170649e-02   2.8717937e-02  -2.0376202e-01   1.3206952e-01  -4.2105853e-02  -1.7485762e-02  -1.1696727e-01   3.7092977e-01  -1.8175211e-01   1.5490602e-02  -6.8945690e-03   6.2184862e-02  -1.7592689e-01   1.0789043e-01  -4.2223995e-02   1.5680471e-02   8.7721666e-03
  -6.5621997e-03   2.0407501e-02  -1.9628478e-03   1.0703607e-01  -1.7841730e-01  -7.0201450e-02  -3.8355945e-02   9.6065704e-03  -8.0514178e-02   3.5176199e-02   3.6168260e-01  -6.9932564e-02  -3.3564174e-02   5.1097696e-02  -2.6650342e-02  -2.1769066e-01   1.8949588e-02  -1.4312515e-02   9.5366976e-02
   1.8371491e-02   3.0137714e-01  -1.8288128e-02  -6.8401318e-02  -5.0510413e-02  -1.7885723e-01  -2.5690865e-02  -3.1187593e-02   1.9927652e-02   4.2701526e-02   5.8670840e-02   2.9601035e-02  -2.5147370e-02   4.6529685e-02  -4.0594064e-02  -4.4949449e-02   4.2357433e-02   8.7633901e-04   1.1981297e-02
   2.2008863e-03  -5.6027795e-02   9.1822305e-02  -2.7487263e-01   4.0961272e-01  -1.6676116e-01  -2.1306794e-02  -2.2761812e-02  -6.7955939e-03  -2.1197093e-02   2.2594511e-02   2.7861961e-02  -2.4955372e-02   7.5129290e-02  -4.1068713e-02   5.9437539e-04  -2.8090249e-02  -1.2637794e-02   2.3385412e-02
   4.0118627e-03  -9.2126738e-02  -4.4988892e-03   3.0796132e-02   6.8466007e-02  -1.8262384e-01   2.0639006e-01  -4.0666547e-03  -1.2138689e-02   1.3630694e-02   3.5198009e-02  -7.2581482e-02  -2.6397445e-03   6.5798571e-03  -1.2821896e-02  -2.5047478e-03   4.3643854e-02   1.3729425e-02  -2.4843679e-02
   2.3699155e-01  -1.6302553e-01  -6.7912741e-02  -4.7769926e-02  -1.6783920e-02   1.9166259e-02   2.0385250e-02   7.0740623e-03   1.9671118e-02   5.9993209e-03  -4.0233602e-03  -3.2770028e-03   5.5826872e-03  -9.8411725e-03  -2.5641643e-03   3.9859781e-03  -7.5022992e-04  -2.7810278e-04   4.7678512e-04
