   2.6970224e-01   3.4261716e-01  -1.3353966e-01  -4.4606704e-02  -2.8142049e-01   9.1784572e-03  -1.0287196e-01   1.3254915e-02  -1.2947353e-03   3.5561646e-02   5.9897485e-02  -1.6948880e-03  -4.5068328e-02   2.0771220e-02   2.5763862e-03  -8.3084701e-02   8.0607436e-02   5.9379422e-03   2.0736785e-02
  -8.5934621e-02  -1.1053590e-01   1.6057750e-01  -1.4669075e-02   1.3501855e-01   1.9744419e-02   8.9983109e-02  -1.8509916e-01  -4.4924855e-02   1.9240232e-01  -4.4911610e-02   1.3177824e-01   5.4200741e-01  -2.2061955e-01  -2.2538916e-01  -2.8522145e-01   4.2212536e-01   5.6435294e-02   1.8104206e-01
   5.6917575e-03   1.2016292e-02   1.8820905e-02   4.9416426e-03  -7.7996468e-02   2.6943865e-03  -1.9054835e-02  -3.5138177e-02   6.4577690e-02   3.9506075e-02  -6.8876153e-02  -7.8525259e-02  -2.7651846e-02  -1.8609935e-02   1.5205646e-01  -4.3631587e-01   8.8847611e-01  -3.8750790e-02  -3.2361597e-01
  -3.9113482e-02   8.4790087e-02  -8.4747873e-04   9.4908861e-02  -1.2379694e-01   2.4521983e-02  -1.9612600e-02   3.8107126e-02   6.1182872e-02  -2.1493367e-01  -7.5619038e-02  -3.9836535e-02  -1.8043396e-01   1.1937666e-01  -1.3852568e-01   9.0088276e-02  -1.8065654e-01  -1.3799748e-01   5.5079771e-01
   1.8662118e-02   2.6480847e-04  -4.4065121e-02   9.6837236e-02  -1.1921739e-01  -1.6121715e-02   3.2409481e-02   4.8007739e-02  -1.4586579e-01  -1.7117947e-01   1.3499880e-02  -7.6923574e-03   2.2576577e-03  -7.6667927e-02   8.5420806e-01  -3.7721980e-01   2.0091936e-01  -4.2899814e-02  -2.0330857e-01
  -3.1398358e-02  -3.1957805e-02   8.3385761e-02  -2.3461911e-01   2.7539267e-01   7.4289711e-02  -6.5603719e-02   3.8508355e-01   2.9694124e-01  -2.8636031e-01   2.7917323e-02  -9.4632907e-03  -5.1365974e-01  -1.0400598e-02   5.2625111e-02  -3.9292404e-02   1.4918813e-01   1.7016850e-01  -6.4350113e-02
   1.4480828e-02   7.9327329e-02  -4.6183042e-02  -5.6286256e-02  -1.8317068e-01   7.9320165e-04  -2.0242062e-02   2.3304815e-01   4.6618259e-02  -2.9077819e-03   5.0237971e-03  -5.8850648e-02   2.4303051e-01  -2.3503158e-01   9.9667949e-02   6.5163699e-02  -6.0353017e-02  -2.1719158e-03  -1.1583152e-01
   1.0418962e-02   1.8225151e-02  -1.0646993e-02   1.4456306e-02  -1.2283548e-01  -3.4259090e-02  -3.0446197e-02   4.6094721e-02   3.3092982e-02  -4.1908360e-02   7.1244677e-02   3.1736527e-01   3.8457938e-03  -4.3858602e-02   5.1435336e-02  -1.0728333e-01  -1.4107409e-01  -5.3093473e-02   1.1929080e-01
  -2.4588793e-02   4.8243144e-02   1.8636229e-02   4.9341644e-02  -1.8865169e-02  -8.4159154e-03  -5.0069620e-02  -5.1135095e-03  -2.8856289e-02  -2.5227939e-02   5.4550588e-02   3.1069056e-02  -2.0323689e-01   5.3976931e-02  -6.9285034e-02  -4.6655888e-02   6.8771006e-02   4.2091378e-01  -2.8714713e-01
   5.0091778e-03   8.4509892e-02   3.8447220e-02  -1.6325402e-01  -1.9516240e-01   5.1799306e-02  -6.3700633e-02  -1.5621086e-01   4.4867292e-01  -2.1231909e-02   5.3696162e-02  -6.6907418e-03  -1.3095333e-02  -1.0843214e-01  -6.8559965e-02   4.4383767e-02  -3.1216398e-02   4.1784450e-02  -5.7458387e-03
  -1.6033812e-01   7.1981710e-02   1.8648319e-01   4.0172701e-01  -3.2976013e-01  -4.4861540e-02  -3.1300965e-02  -8.9481075e-02  -1.0676913e-01   8.1137708e-02   6.5840492e-02   1.0710475e-02  -6.0216614e-02   4.0061029e-02   1.9492747e-02  -8.4044113e-02   3.4406486e-03   1.5528713e-04   1.9709998e-02
  -3.7005152e-02   3.0723049e-02   1.8899041e-02   6.0903083e-02   6.3612112e-03  -2.1942177e-02  -7.0161271e-03  -1.0152500e-02  -1.3369291e-02  -1.1158499e-02  -1.7578413e-01   9.3244136e-03   1.4344187e-02  -6.6658728e-02  -1.0390511e-01   5.0153319e-01  -5.4259635e-02   7.6081219e-02  -1.9687638e-01
  -2.9453468e-02   8.0290735e-03  -4.0119403e-03   7.4102638e-02  -1.0055167e-02   1.5087755e-02   1.1966381e-02   3.1408678e-02  -1.9615615e-01  -3.8457838e-02   3.5953846e-03   1.8446820e-03  -9.4120191e-02   4.8543917e-01  -2.1116275e-01   7.9221717e-02   1.9882450e-02  -1.0051719e-01  -1.2849268e-02
   2.1991474e-02   1.4649407e-02  -4.6477569e-02   1.0442297e-01  -1.5959876e-01  -6.3932745e-02  -1.7265942e-02   2.8299049e-02  -6.1676400e-02  -4.0614932e-02   3.8763763e-01  -9.8538868e-02   9.8240436e-05   3.2074819e-02  -5.1988352e-02  -1.2722551e-01   1.0421021e-02  -1.4910183e-02   6.3277287e-02
   4.5076065e-02   3.3451110e-02  -7.0638638e-02   1.4363960e-02  -1.9990984e-01  -2.6823089e-02  -5.4324334e-03   1.0112399e-01  -9.6367231e-02   4.0147629e-01  -8.3449990e-02   2.6186903e-02  -8.0623363e-02   5.6320683e-02  -1.8161933e-01   2.6694009e-02  -2.1418262e-02   3.0884684e-02   4.5530730e-02
  -7.2838336e-02   7.8589646e-02   1.9779937e-01  -2.3165277e-01   5.4701558e-02   7.9230585e-02  -1.1489586e-01  -3.3241615e-02  -5.1303511e-02   6.7845549e-02   4.4119817e-03   3.9782733e-03  -1.9638360e-02   4.7506008e-02  -1.5537576e-02  -1.5202343e-02   5.9106523e-03  -1.0617603e-02   1.1429418e-02
   2.8383039e-02  -9.1214268e-02   6.1367470e-02  -7.0723422e-02   3.6863928e-02  -1.5869324e-01   2.1907485e-01  -9.4530435e-03   2.1400068e-02   2.2041641e-02   3.5048395e-02  -3.3301465e-02  -3.5023700e-02   2.4721261e-03  -9.1969916e-03  -1.5399725e-02   3.0558074e-02   3.1458036e-02  -1.8854744e-02
   1.6052136e-02  -4.0919469e-02   2.9950189e-03   8.0254490e-02  -3.0084537e-01   2.7053973e-01   2.7895143e-02   1.9962549e-03  -3.0092021e-03   5.3935424e-02  -6.4075880e-02  -3.6937359e-02  -7.9903034e-03  -1.6329411e-02  -5.6969113e-04   1.9036706e-02   2.3296260e-02   1.4189735e-02  -1.6306848e-02
  -2.0818087e-01   2.5276475e-01   2.0614004e-03   1.0918005e-02  -1.7187553e-02  -4.6751354e-02   1.4019937e-02   1.2132834e-02   1.3965250e-02   5.2497147e-03   1.1464332e-02  -9.4052223e-03   1.2457715e-03  -1.7098485e-02   5.2058523e-03  -1.6500788e-02   2.3259140e-02   4.4088747e-03  -4.5531983e-03
